  0   0   0   0  24  24   0   0   0   0   0   0   0   0   0   0
  0   0   0   0  16  21  24   0   0   0   0   0   0   0   0   0
  0   0   0   0   0  16  23   0   0   0   0   0   0   0   0   0
  0   0   0   0   0  16  20  24   0   0   0   0   0   0   0   0
  0   0   0  12  17   0  20  23  24   0   0  10  16   0   0   0
  0   0   0   0   5  16  16  23  24   0   5  23  24   0   0   0
  0   0   0   0   0   9  17  23  23  12  23  24   0   0   0   0
  0   0   0   0   0   1  20  23  12  21  23   0   0   0   0   0
  0   0   0   0   0   0  16  12  21  23  20  16   0   0   0   0
  0   0   0   0  32  32  12  10  23  16  27  32   0   0   0   0
  0   0   0   0  31  24   3   8  14  12  24  31   0   0   0   0
  0   0   0   0  32  32  31  31  31  31  32  32   0   0   0   0
  0   0   0   0   0  32  25  18  18  25  32   0   0   0   0   0
  0   0   0   0   0  32  25  18  18  25  32   0   0   0   0   0
  0   0   0   0   0  32  25  18  18  25  32   0   0   0   0   0
  0   0   0   0   0  32  32  18  18  32  32   0   0   0   0   0
  0   0   0   0 199 199   0   0   0   0   0   0   0   0   0   0
  0   0   0   0 151 189 199   0   0   0   0   0   0   0   0   0
  0   0   0   0   0 151 202   0   0   0   0   0   0   0   0   0
  0   0   0   0   0 151 177 201   0   0   0   0 112 112   0   0
  0   0   0 139 151   0 177 202 199   0 112 145 167   0   0   0
  0   0   0   0 123 151 151 202 201   0 123 202 199   0   0   0
  0   0   0   0 112 132 151 202 202 157 202 201   0   0   0   0
  0   0   0   0   0 113 177 202 158 189 203   0   0   0   0   0
  0   0   0   0   0 112 167 158 189 202 175 151   0   0   0   0
  0   0   0   0  68  68 158 145 202 167  96  68   0   0   0   0
  0   0   0   0  68  66  87 110 132 119  66  68   0   0   0   0
  0   0   0   0  68  80  68  68  68  68  80  68   0   0   0   0
  0   0   0   0   0  93  97 102 102  97  93   0   0   0   0   0
  0   0   0   0   0  93  97 102 102  97  93   0   0   0   0   0
  0   0   0   0   0  93  97 102 102  97  93   0   0   0   0   0
  0   0   0   0   0  92  94 102 102  94  92   0   0   0   0   0
  0   0   0   0  64  64   0   0   0   0   0   0   0   0   0   0
  0   0   0   0  46  59  64   0   0   0   0   0   0   0   0   0
  0   0   0   0   0  46  64   0   0   0   0   0   0   0   0   0
  0   0   0   0   0  48  55  64   0   0   0   0   0   0   0   0
  0   0   0  31  45   0  55  64  64   0   0  28  43   0   0   0
  0   0   0   0  12  46  46  64  64   0  12  64  64   0   0   0
  0   0   0   0   0  23  45  64  64  32  64  64   0   0   0   0
  0   0   0   0   0   0  55  64  32  59  64   0   0   0   0   0
  0   0   0   0   0   0  43  32  59  64  56  48   0   0   0   0
  0   0   0   0  84  82  32  28  64  43  71  84   0   0   0   0
  0   0   0   0  83  87  50  66  82  78  87  83   0   0   0   0
  0   0   0   0  84 104  83  83  83  83 104  84   0   0   0   0
  0   0   0   0   0 125 135 146 146 135 125   0   0   0   0   0
  0   0   0   0   0 125 135 146 146 135 125   0   0   0   0   0
  0   0   0   0   0 125 135 146 146 135 125   0   0   0   0   0
  0   0   0   0   0 124 126 145 145 126 124   0   0   0   0   0

  0   0   0   0   0   0   0   0   0   0   0   0   0   0   0   0
  0   0   0   0   0   0   0   0   0   0   0   0   0   0   0   0
  0   0   0   0   0   0   0   0   0   0   0   0   0   0   0   0
  0   0   0   0  16  24   0   0   0   0   0   0   0   0   0   0
  0   0   0   0  10  23  24   0  16  32  31  32   0   0   0   0
  0   0   0   0   0   5  23  23  20  27  24  32  32  32  32  32
  0   0   0   0   0   0  12  21  23  16  12  31  25  25  25  32
  0   0   0   0  24  24  23  12  21  23  14  31  18  18  18  18
  0   0   0  24  23  23  23  23  12  10   8  31  18  18  18  18
  0  24  23  20  20  16  17  20  16  12   3  31  25  25  25  32
 24  21  16  16   0  16   9   1   0  32  24  32  32  32  32  32
 24  16   0   0  17   5   0   0   0  32  31  32   0   0   0   0
  0   0   0   0  12   0   0   0   0   0   0   0   0   0   0   0
  0   0   0   0   0   0   0   0   0   0   0   0   0   0   0   0
  0   0   0   0   0   0   0   0   0   0   0   0   0   0   0   0
  0   0   0   0   0   0   0   0   0   0   0   0   0   0   0   0
  0   0   0   0   0   0   0   0   0   0   0   0   0   0   0   0
  0   0   0   0   0   0   0   0   0   0   0   0   0   0   0   0
  0   0   0 112   0   0   0   0   0   0   0   0   0   0   0   0
  0   0   0 112 167 199   0   0   0   0   0   0   0   0   0   0
  0   0   0   0 145 202 201   0 151  68  68  68   0   0   0   0
  0   0   0   0 112 123 202 203 175  96  66  80  93  93  93  92
  0   0   0   0   0   0 157 189 202 167 119  68  97  97  97  94
  0   0   0   0 199 201 202 158 189 202 132  68 102 102 102 102
  0   0   0 201 202 202 202 202 158 145 110  68 102 102 102 102
  0 199 202 177 177 151 151 177 167 158  87  68  97  97  97  94
199 189 151 151   0 151 132 113 112  68  66  80  93  93  93  92
199 151   0   0 151 123 112   0   0  68  68  68   0   0   0   0
  0   0   0   0 139   0   0   0   0   0   0   0   0   0   0   0
  0   0   0   0   0   0   0   0   0   0   0   0   0   0   0   0
  0   0   0   0   0   0   0   0   0   0   0   0   0   0   0   0
  0   0   0   0   0   0   0   0   0   0   0   0   0   0   0   0
  0   0   0   0   0   0   0   0   0   0   0   0   0   0   0   0
  0   0   0   0   0   0   0   0   0   0   0   0   0   0   0   0
  0   0   0   0   0   0   0   0   0   0   0   0   0   0   0   0
  0   0   0   0  43  64   0   0   0   0   0   0   0   0   0   0
  0   0   0   0  28  64  64   0  48  84  83  84   0   0   0   0
  0   0   0   0   0  12  64  64  56  71  87 104 125 125 125 124
  0   0   0   0   0   0  32  59  64  43  78  83 135 135 135 126
  0   0   0   0  64  64  64  32  59  64  82  83 146 146 146 145
  0   0   0  64  64  64  64  64  32  28  66  83 146 146 146 145
  0  64  64  55  55  46  45  55  43  32  50  83 135 135 135 126
 64  59  46  48   0  46  23   0   0  82  87 104 125 125 125 124
 64  46   0   0  45  12   0   0   0  84  83  84   0   0   0   0
  0   0   0   0  31   0   0   0   0   0   0   0   0   0   0   0
  0   0   0   0   0   0   0   0   0   0   0   0   0   0   0   0
  0   0   0   0   0   0   0   0   0   0   0   0   0   0   0   0
  0   0   0   0   0   0   0   0   0   0   0   0   0   0   0   0

  0   0   0   0   0  32  32  18  18  32  32   0   0   0   0   0
  0   0   0   0   0  32  25  18  18  25  32   0   0   0   0   0
  0   0   0   0   0  32  25  18  18  25  32   0   0   0   0   0
  0   0   0   0   0  32  25  18  18  25  32   0   0   0   0   0
  0   0   0   0  32  32  31  31  31  31  32  32   0   0   0   0
  0   0   0   0  31  24  12  14   8   3  24  31   0   0   0   0
  0   0   0   0  32  27  16  23  10  12  32  32   0   0   0   0
  0   0   0   0  16  20  23  21  12  16   0   0   0   0   0   0
  0   0   0   0   0  23  21  12  23  20   1   0   0   0   0   0
  0   0   0   0  24  23  12  23  23  17   9   0   0   0   0   0
  0   0   0  24  23   5   0  24  23  16  16   5   0   0   0   0
  0   0   0  16  10   0   0  24  23  20   0  17  12   0   0   0
  0   0   0   0   0   0   0   0  24  20  16   0   0   0   0   0
  0   0   0   0   0   0   0   0   0  23  16   0   0   0   0   0
  0   0   0   0   0   0   0   0   0  24  21  16   0   0   0   0
  0   0   0   0   0   0   0   0   0   0  24  24   0   0   0   0
  0   0   0   0   0  92  94 102 102  94  92   0   0   0   0   0
  0   0   0   0   0  93  97 102 102  97  93   0   0   0   0   0
  0   0   0   0   0  93  97 102 102  97  93   0   0   0   0   0
  0   0   0   0   0  93  97 102 102  97  93   0   0   0   0   0
  0   0   0   0  68  80  68  68  68  68  80  68   0   0   0   0
  0   0   0   0  68  66 119 132 110  87  66  68   0   0   0   0
  0   0   0   0  68  96 167 202 145 158  68  68   0   0   0   0
  0   0   0   0 151 175 202 189 158 167 112   0   0   0   0   0
  0   0   0   0   0 203 189 158 202 177 113   0   0   0   0   0
  0   0   0   0 201 202 157 202 202 151 132 112   0   0   0   0
  0   0   0 199 202 123   0 201 202 151 151 123   0   0   0   0
  0   0   0 167 145 112   0 199 202 177   0 151 139   0   0   0
  0   0 112 112   0   0   0   0 201 177 151   0   0   0   0   0
  0   0   0   0   0   0   0   0   0 202 151   0   0   0   0   0
  0   0   0   0   0   0   0   0   0 199 189 151   0   0   0   0
  0   0   0   0   0   0   0   0   0   0 199 199   0   0   0   0
  0   0   0   0   0 124 126 145 145 126 124   0   0   0   0   0
  0   0   0   0   0 125 135 146 146 135 125   0   0   0   0   0
  0   0   0   0   0 125 135 146 146 135 125   0   0   0   0   0
  0   0   0   0   0 125 135 146 146 135 125   0   0   0   0   0
  0   0   0   0  84 104  83  83  83  83 104  84   0   0   0   0
  0   0   0   0  83  87  78  82  66  50  87  83   0   0   0   0
  0   0   0   0  84  71  43  64  28  32  82  84   0   0   0   0
  0   0   0   0  48  56  64  59  32  43   0   0   0   0   0   0
  0   0   0   0   0  64  59  32  64  55   0   0   0   0   0   0
  0   0   0   0  64  64  32  64  64  45  23   0   0   0   0   0
  0   0   0  64  64  12   0  64  64  46  46  12   0   0   0   0
  0   0   0  43  28   0   0  64  64  55   0  45  31   0   0   0
  0   0   0   0   0   0   0   0  64  55  48   0   0   0   0   0
  0   0   0   0   0   0   0   0   0  64  46   0   0   0   0   0
  0   0   0   0   0   0   0   0   0  64  59  46   0   0   0   0
  0   0   0   0   0   0   0   0   0   0  64  64   0   0   0   0

  0   0   0   0   0   0   0   0   0   0   0   0   0   0   0   0
  0   0   0   0   0   0   0   0   0   0   0   0   0   0   0   0
  0   0   0   0   0   0   0   0   0   0   0   0   0   0   0   0
  0   0   0   0   0   0   0   0   0   0   0  12   0   0   0   0
  0   0   0   0  32  31  32   0   0   0   5  17   0   0  16  24
 32  32  32  32  32  24  32   0   1   9  16   0  16  16  21  24
 32  25  25  25  31   3  12  16  20  17  16  20  20  23  24   0
 18  18  18  18  31   8  10  12  23  23  23  23  24   0   0   0
 18  18  18  18  31  14  23  21  12  23  24  24   0   0   0   0
 32  25  25  25  31  12  16  23  21  12   0   0   0   0   0   0
 32  32  32  32  32  24  27  20  23  23   5   0   0   0   0   0
  0   0   0   0  32  31  32  16   0  24  23  10   0   0   0   0
  0   0   0   0   0   0   0   0   0   0  24  16   0   0   0   0
  0   0   0   0   0   0   0   0   0   0   0   0   0   0   0   0
  0   0   0   0   0   0   0   0   0   0   0   0   0   0   0   0
  0   0   0   0   0   0   0   0   0   0   0   0   0   0   0   0
  0   0   0   0   0   0   0   0   0   0   0   0   0   0   0   0
  0   0   0   0   0   0   0   0   0   0   0   0   0   0   0   0
  0   0   0   0   0   0   0   0   0   0   0   0   0   0   0   0
  0   0   0   0   0   0   0   0   0   0   0 139   0   0   0   0
  0   0   0   0  68  68  68   0   0 112 123 151   0   0 151 199
 92  93  93  93  80  66  68 112 113 132 151   0 151 151 189 199
 94  97  97  97  68  87 158 167 177 151 151 177 177 202 199   0
102 102 102 102  68 110 145 158 202 202 202 202 201   0   0   0
102 102 102 102  68 132 202 189 158 202 201 199   0   0   0   0
 94  97  97  97  68 119 167 202 189 157   0   0   0   0   0   0
 92  93  93  93  80  66  96 175 203 202 123 112   0   0   0   0
  0   0   0   0  68  68  68 151   0 201 202 145   0   0   0   0
  0   0   0   0   0   0   0   0   0   0 199 167 112   0   0   0
  0   0   0   0   0   0   0   0   0   0   0   0 112   0   0   0
  0   0   0   0   0   0   0   0   0   0   0   0   0   0   0   0
  0   0   0   0   0   0   0   0   0   0   0   0   0   0   0   0
  0   0   0   0   0   0   0   0   0   0   0   0   0   0   0   0
  0   0   0   0   0   0   0   0   0   0   0   0   0   0   0   0
  0   0   0   0   0   0   0   0   0   0   0   0   0   0   0   0
  0   0   0   0   0   0   0   0   0   0   0  31   0   0   0   0
  0   0   0   0  84  83  84   0   0   0  12  45   0   0  46  64
124 125 125 125 104  87  82   0   0  23  46   0  48  46  59  64
126 135 135 135  83  50  32  43  55  45  46  55  55  64  64   0
145 146 146 146  83  66  28  32  64  64  64  64  64   0   0   0
145 146 146 146  83  82  64  59  32  64  64  64   0   0   0   0
126 135 135 135  83  78  43  64  59  32   0   0   0   0   0   0
124 125 125 125 104  87  71  56  64  64  12   0   0   0   0   0
  0   0   0   0  84  83  84  48   0  64  64  28   0   0   0   0
  0   0   0   0   0   0   0   0   0   0  64  43   0   0   0   0
  0   0   0   0   0   0   0   0   0   0   0   0   0   0   0   0
  0   0   0   0   0   0   0   0   0   0   0   0   0   0   0   0
  0   0   0   0   0   0   0   0   0   0   0   0   0   0   0   0
